91010
2
1 0
383399
6
1 2 3 4 5 7
1023
5
1 2 3 4 0
99933
2
3 9
100
10
0 1 2 3 4 5 6 7 8 9 
1
9
0 1 2 3 4 5 6 7 8
123
3
1 2 5
190000
3
1 2 9
10
1
1
9999
8
0 1 2 3 4 5 6 7
56666
0

5959
4
1 2 3 4
19
1
1
9
5
9 8 7 6 5
199
1 
9
123
2
2 3
9990
8
1 2 3 4 5 6 7 8
999
1
9
10 
2
0 1
1020
0

1
9
1 2 3 4 5 6 7 8 9
0
10
0 1 2 3 4 5 6 7 8 9
0
9
0 1 2 3 4 5 6 7 8
0
3
0 1 2
10
1
0
99999
1
9
1
9
1 2 3 4 5 6 7 8 9
101 
10
0 1 2 3 4 5 6 7 8 9
500000
10
0 1 2 3 4 5 6 7 8 9
6 
9
0 2 3 4 5 6 7 8 9
944 
7
2 3 4 5 6 7 9